##
#  file: DCDriftParam_05047
#  date: 2021-05-12 09:33:35
#  note: first version
#        DCDriftParam SdcOut ... done
#        DCDriftParam SdcIn ... done
#        DCDriftParam BcOut ... done
#
#
#######################################################################
# Id	WireId	Type	NParam	p0	p1	...
### SDC1
1     0       6       6      0      0.0361425      0.00160912      -3.57493e-05      2.26476e-07      -3.56854e-10
2     0       6       6      0      0.0365759      0.00154821      -3.40784e-05      2.09536e-07      -2.98081e-10
3     0       6       6      0      0.0445905      0.000802177      -1.21628e-05      -4.73614e-08      7.49213e-10
4     0       6       6      0      0.0368249      0.00149118      -3.19324e-05      1.81707e-07      -1.79436e-10
5     0       6       6      0      0.037146      0.00149084      -3.23686e-05      1.89728e-07      -2.19092e-10
6     0       6       6      0      0.0361548      0.00152278      -3.27162e-05      1.90953e-07      -2.18578e-10
### SDC2
7     0       6       6      0      0.0578157      0.000239294      -5.33436e-06      2.01979e-08      -1.70816e-11
8     0       6       6      0      0.0545136      0.000202309      -3.86491e-06      9.48998e-09      6.53255e-12
9     0       6       6      0      0.0526205      0.000318025      -5.8324e-06      2.21676e-08      -2.13077e-11
10     0       6       6      0      0.0541244      0.000399556      -7.75666e-06      3.51017e-08      -4.91767e-11
### SDC3
31     0       6       6      0      0.0443348      0.00101762      -1.41159e-05      2.133e-08      1.79844e-10
32     0       6       6      0      0.0510261      0.000497168      -5.89702e-06      -2.0262e-08      2.22359e-10
33     0       6       6      0      0.0520429      0.000370332      -3.37973e-06      -3.74312e-08      2.60236e-10
34     0       6       6      0      0.0548362      0.000136422      4.3274e-06      -1.27991e-07      6.04076e-10
### SDC4
35     0       6       6      0      0.0464227      0.000232752      -1.51471e-06      1.53603e-09      1.44152e-12
36     0       6       6      0      0.0495625      8.66988e-05      -1.91367e-07      -2.97383e-09      6.78567e-12
37     0       6       6      0      0.066421      -0.000247216      2.34574e-06      -1.14558e-08      1.71599e-11
38     0       6       6      0      0.0553845      5.43922e-05      7.64961e-08      -4.73007e-09      1.01806e-11
### BC3
113     0       6       6      0      0.0539015      0.00119524      -3.43361e-05      -1.05925e-06      2.29067e-08
114     0       6       6      0      0.0518064      0.00131214      -3.50224e-05      -1.10824e-06      2.35509e-08
115     0       6       6      0      0.0503547      0.00285177      -0.000155988      2.16261e-06      -6.11749e-09
116     0       6       6      0      0.045559      0.00313273      -0.000157735      2.02401e-06      -4.07875e-09
117     0       6       6      0      0.0498222      0.0014476      -3.57864e-05      -1.21015e-06      2.52374e-08
118     0       6       6      0      0.0591556      0.00278179      -0.000192476      3.5952e-06      -2.14895e-08
### BC4
119     0       6       6      0      0      0      0      0      0
120     0       6       6      0      0      0      0      0      0
121     0       6       6      0      0.0369852      0.00414093      -0.00020224      2.89729e-06      -1.05009e-08
122     0       6       6      0      0.0471164      0.00253475      -0.00011566      9.38193e-07      5.50737e-09
123     0       6       6      0      0.045283      0.00368257      -0.000200591      3.16089e-06      -1.4203e-08
124     0       6       6      0      0.0416748      0.00237181      -8.1245e-05      -1.47822e-07      1.58244e-08
