##
#  file: DCTdcCalib_20230614
#
#######################################################################
# Id	WireId	p1	p0
#
### BC3-X1
#
113     1       0.833   -457.778
113     2       0.833   -457.221
113     3       0.833   -457.31
113     4       0.833   -458.943
113     5       0.833   -458.201
113     6       0.833   -458.738
113     7       0.833   -459.375
113     8       0.833   -457.224
113     9       0.833   -458.429
113     10       0.833   -460.094
113     11       0.833   -457.983
113     12       0.833   -457.808
113     13       0.833   -458.284
113     14       0.833   -459.111
113     15       0.833   -457.005
113     16       0.833   -458.402
113     17       0.833   -458.292
113     18       0.833   -459.758
113     19       0.833   -458.223
113     20       0.833   -458.839
113     21       0.833   -457.548
113     22       0.833   -458.545
113     23       0.833   -458.228
113     24       0.833   -457.753
113     25       0.833   -457.061
113     26       0.833   -457.579
113     27       0.833   -456.188
113     28       0.833   -457.49
113     29       0.833   -456.351
113     30       0.833   -457.404
113     31       0.833   -455.857
113     32       0.833   -456.587
113     33       0.833   -456.705
113     34       0.833   -457.113
113     35       0.833   -456.243
113     36       0.833   -456.655
113     37       0.833   -456.276
113     38       0.833   -456.701
113     39       0.833   -456.044
113     40       0.833   -456.139
113     41       0.833   -456.619
113     42       0.833   -456.865
113     43       0.833   -456.324
113     44       0.833   -456.547
113     45       0.833   -456.445
113     46       0.833   -457.008
113     47       0.833   -456.033
113     48       0.833   -456.79
113     49       0.833   -456.671
113     50       0.833   -458.301
113     51       0.833   -456.282
113     52       0.833   -457.354
113     53       0.833   -456.515
113     54       0.833   -457.354
113     55       0.833   -458.195
113     56       0.833   -457.063
113     57       0.833   -456.221
113     58       0.833   -457.998
113     59       0.833   -456.858
113     60       0.833   -454.735
113     61       0.833   -454.553
113     62       0.833   -455.849
113     63       0.833   -454.166
113     64       0.833   -454.631
### BC3-X2
#
114     1       0.833   -453.35
114     2       0.833   -452.994
114     3       0.833   -452.094
114     4       0.833   -451.789
114     5       0.833   -453.155
114     6       0.833   -453.851
114     7       0.833   -453.746
114     8       0.833   -453.606
114     9       0.833   -453.74
114     10       0.833   -455.343
114     11       0.833   -456.458
114     12       0.833   -454.691
114     13       0.833   -455.425
114     14       0.833   -454.728
114     15       0.833   -454.702
114     16       0.833   -454.275
114     17       0.833   -455.114
114     18       0.833   -454.606
114     19       0.833   -456.211
114     20       0.833   -455.061
114     21       0.833   -455.343
114     22       0.833   -455.826
114     23       0.833   -455.899
114     24       0.833   -454.897
114     25       0.833   -454.149
114     26       0.833   -453.833
114     27       0.833   -454.428
114     28       0.833   -455.108
114     29       0.833   -454.434
114     30       0.833   -454.245
114     31       0.833   -455.302
114     32       0.833   -453.898
114     33       0.833   -455.39
114     34       0.833   -454.602
114     35       0.833   -455.614
114     36       0.833   -454.712
114     37       0.833   -455.36
114     38       0.833   -454.895
114     39       0.833   -454.972
114     40       0.833   -455.134
114     41       0.833   -453.342
114     42       0.833   -454.805
114     43       0.833   -455.336
114     44       0.833   -455.325
114     45       0.833   -455.698
114     46       0.833   -455.592
114     47       0.833   -456.472
114     48       0.833   -455.996
114     49       0.833   -455.383
114     50       0.833   -456.124
114     51       0.833   -455.786
114     52       0.833   -455.163
114     53       0.833   -456.246
114     54       0.833   -455.483
114     55       0.833   -456.263
114     56       0.833   -455.593
114     57       0.833   -454.081
114     58       0.833   -453.125
114     59       0.833   -454.319
114     60       0.833   -455.124
114     61       0.833   -454.703
114     62       0.833   -454.952
114     63       0.833   -454.665
114     64       0.833   -454.532
### BC3-U1
#
115     1       0.833   -451.806
115     2       0.833   -454.58
115     3       0.833   -454.089
115     4       0.833   -454.08
115     5       0.833   -454.897
115     6       0.833   -455.004
115     7       0.833   -455.598
115     8       0.833   -455.259
115     9       0.833   -454.504
115     10       0.833   -456.48
115     11       0.833   -455.518
115     12       0.833   -455.356
115     13       0.833   -454.964
115     14       0.833   -455.008
115     15       0.833   -455.27
115     16       0.833   -454.362
115     17       0.833   -454.694
115     18       0.833   -456.328
115     19       0.833   -455.833
115     20       0.833   -456.367
115     21       0.833   -454.513
115     22       0.833   -455.345
115     23       0.833   -454.85
115     24       0.833   -454.706
115     25       0.833   -454.647
115     26       0.833   -454.676
115     27       0.833   -453.922
115     28       0.833   -453.646
115     29       0.833   -453.425
115     30       0.833   -454.106
115     31       0.833   -453.257
115     32       0.833   -453.572
115     33       0.833   -455.658
115     34       0.833   -455.504
115     35       0.833   -456.09
115     36       0.833   -455.422
115     37       0.833   -455.176
115     38       0.833   -454.844
115     39       0.833   -455.657
115     40       0.833   -455.41
115     41       0.833   -455.258
115     42       0.833   -456.294
115     43       0.833   -455.38
115     44       0.833   -455.579
115     45       0.833   -455.386
115     46       0.833   -455.718
115     47       0.833   -455.695
115     48       0.833   -455.946
115     49       0.833   -455.961
115     50       0.833   -457.09
115     51       0.833   -456.029
115     52       0.833   -455.022
115     53       0.833   -456.297
115     54       0.833   -455.527
115     55       0.833   -457.218
115     56       0.833   -455.378
115     57       0.833   -454.956
115     58       0.833   -455.371
115     59       0.833   -454.669
115     60       0.833   -454.768
115     61       0.833   -454.973
115     62       0.833   -454.893
115     63       0.833   -454.568
115     64       0.833   -456.353
### BC3-U2
#
116     1       0.833   -452.847
116     2       0.833   -453.391
116     3       0.833   -452.876
116     4       0.833   -450.513
116     5       0.833   -452.562
116     6       0.833   -453.032
116     7       0.833   -452.938
116     8       0.833   -453.978
116     9       0.833   -451.99
116     10       0.833   -452.792
116     11       0.833   -455.231
116     12       0.833   -452.792
116     13       0.833   -453.346
116     14       0.833   -453.388
116     15       0.833   -453.902
116     16       0.833   -452.99
116     17       0.833   -453.271
116     18       0.833   -453.68
116     19       0.833   -453.88
116     20       0.833   -453.834
116     21       0.833   -453.664
116     22       0.833   -454.064
116     23       0.833   -453.598
116     24       0.833   -453.383
116     25       0.833   -452.695
116     26       0.833   -451.953
116     27       0.833   -453.193
116     28       0.833   -453.433
116     29       0.833   -452.966
116     30       0.833   -452.481
116     31       0.833   -453.946
116     32       0.833   -452.949
116     33       0.833   -452.536
116     34       0.833   -451.402
116     35       0.833   -453.231
116     36       0.833   -452.014
116     37       0.833   -452.621
116     38       0.833   -451.979
116     39       0.833   -452.802
116     40       0.833   -452.428
116     41       0.833   -451.05
116     42       0.833   -452.704
116     43       0.833   -452.994
116     44       0.833   -453.403
116     45       0.833   -453.548
116     46       0.833   -453.428
116     47       0.833   -454.466
116     48       0.833   -453.772
116     49       0.833   -453.692
116     50       0.833   -453.554
116     51       0.833   -454.335
116     52       0.833   -453.408
116     53       0.833   -453.587
116     54       0.833   -454.323
116     55       0.833   -453.906
116     56       0.833   -453.27
116     57       0.833   -451.753
116     58       0.833   -451.122
116     59       0.833   -453.356
116     60       0.833   -452.324
116     61       0.833   -453.03
116     62       0.833   -451.551
116     63       0.833   -453.923
116     64       0.833   -452.79
### BC3-V1
#
117     1       0.833   -455.582
117     2       0.833   -455.713
117     3       0.833   -457.405
117     4       0.833   -458.652
117     5       0.833   -457.901
117     6       0.833   -457.703
117     7       0.833   -459.186
117     8       0.833   -456.07
117     9       0.833   -457.653
117     10       0.833   -458.435
117     11       0.833   -457.943
117     12       0.833   -458.565
117     13       0.833   -456.418
117     14       0.833   -457.575
117     15       0.833   -456.756
117     16       0.833   -457.751
117     17       0.833   -457.359
117     18       0.833   -458.838
117     19       0.833   -457.87
117     20       0.833   -458.743
117     21       0.833   -457.186
117     22       0.833   -458.093
117     23       0.833   -458.149
117     24       0.833   -457.417
117     25       0.833   -456.414
117     26       0.833   -457.136
117     27       0.833   -456.385
117     28       0.833   -456.953
117     29       0.833   -455.685
117     30       0.833   -457.016
117     31       0.833   -455.817
117     32       0.833   -456.834
117     33       0.833   -456.751
117     34       0.833   -456.935
117     35       0.833   -456.392
117     36       0.833   -456.382
117     37       0.833   -456.322
117     38       0.833   -456.687
117     39       0.833   -456.737
117     40       0.833   -456.48
117     41       0.833   -456.972
117     42       0.833   -457.021
117     43       0.833   -456.842
117     44       0.833   -456.672
117     45       0.833   -457.248
117     46       0.833   -457
117     47       0.833   -457.196
117     48       0.833   -456.45
117     49       0.833   -457.056
117     50       0.833   -457.624
117     51       0.833   -456.637
117     52       0.833   -457.14
117     53       0.833   -456.188
117     54       0.833   -456.842
117     55       0.833   -457.301
117     56       0.833   -455.754
117     57       0.833   -454.799
117     58       0.833   -455.873
117     59       0.833   -455.785
117     60       0.833   -455.237
117     61       0.833   -454.064
117     62       0.833   -455.598
117     63       0.833   -454.216
117     64       0.833   -455.865
### BC3-V2
#
118     1       0.833   -448.91
118     2       0.833   -447.318
118     3       0.833   -446.693
118     4       0.833   -445.101
118     5       0.833   -446.13
118     6       0.833   -446.871
118     7       0.833   -447.293
118     8       0.833   -449.012
118     9       0.833   -447.311
118     10       0.833   -448.741
118     11       0.833   -449.993
118     12       0.833   -446.868
118     13       0.833   -448.078
118     14       0.833   -448.552
118     15       0.833   -448.503
118     16       0.833   -447.372
118     17       0.833   -448.06
118     18       0.833   -447.514
118     19       0.833   -448.781
118     20       0.833   -448.899
118     21       0.833   -448.6
118     22       0.833   -448.83
118     23       0.833   -447.972
118     24       0.833   -447.549
118     25       0.833   -446.959
118     26       0.833   -446.535
118     27       0.833   -446.986
118     28       0.833   -447.722
118     29       0.833   -446.75
118     30       0.833   -447.046
118     31       0.833   -447.956
118     32       0.833   -446.807
118     33       0.833   -449.069
118     34       0.833   -448.557
118     35       0.833   -449.1
118     36       0.833   -448.424
118     37       0.833   -449.345
118     38       0.833   -448.781
118     39       0.833   -448.903
118     40       0.833   -449.434
118     41       0.833   -447.833
118     42       0.833   -449.072
118     43       0.833   -448.918
118     44       0.833   -449.28
118     45       0.833   -449.93
118     46       0.833   -449.842
118     47       0.833   -450.428
118     48       0.833   -450.252
118     49       0.833   -449.702
118     50       0.833   -450.595
118     51       0.833   -450.615
118     52       0.833   -450.117
118     53       0.833   -449.43
118     54       0.833   -451.027
118     55       0.833   -450.22
118     56       0.833   -450.989
118     57       0.833   -448.123
118     58       0.833   -448.039
118     59       0.833   -448.421
118     60       0.833   -449.555
118     61       0.833   -450.044
118     62       0.833   -449.784
118     63       0.833   -447.227
118     64       0.833   -450.206
### BC4-U1
#
119     1       0.833   0
119     2       0.833   0
119     3       0.833   0
119     4       0.833   0
119     5       0.833   0
119     6       0.833   0
119     7       0.833   0
119     8       0.833   0
119     9       0.833   0
119     10       0.833   0
119     11       0.833   0
119     12       0.833   0
119     13       0.833   0
119     14       0.833   0
119     15       0.833   0
119     16       0.833   0
119     17       0.833   0
119     18       0.833   0
119     19       0.833   0
119     20       0.833   0
119     21       0.833   0
119     22       0.833   0
119     23       0.833   0
119     24       0.833   0
119     25       0.833   0
119     26       0.833   0
119     27       0.833   0
119     28       0.833   0
119     29       0.833   0
119     30       0.833   0
119     31       0.833   0
119     32       0.833   0
119     33       0.833   0
119     34       0.833   0
119     35       0.833   0
119     36       0.833   0
119     37       0.833   0
119     38       0.833   0
119     39       0.833   0
119     40       0.833   0
119     41       0.833   0
119     42       0.833   0
119     43       0.833   0
119     44       0.833   0
119     45       0.833   0
119     46       0.833   0
119     47       0.833   0
119     48       0.833   0
119     49       0.833   0
119     50       0.833   0
119     51       0.833   0
119     52       0.833   0
119     53       0.833   0
119     54       0.833   0
119     55       0.833   0
119     56       0.833   0
119     57       0.833   0
119     58       0.833   0
119     59       0.833   0
119     60       0.833   0
119     61       0.833   0
119     62       0.833   0
119     63       0.833   0
119     64       0.833   0
### BC4-U2
#
120     1       0.833   0
120     2       0.833   0
120     3       0.833   0
120     4       0.833   0
120     5       0.833   0
120     6       0.833   0
120     7       0.833   0
120     8       0.833   0
120     9       0.833   0
120     10       0.833   0
120     11       0.833   0
120     12       0.833   0
120     13       0.833   0
120     14       0.833   0
120     15       0.833   0
120     16       0.833   0
120     17       0.833   0
120     18       0.833   0
120     19       0.833   0
120     20       0.833   0
120     21       0.833   0
120     22       0.833   0
120     23       0.833   0
120     24       0.833   0
120     25       0.833   0
120     26       0.833   0
120     27       0.833   0
120     28       0.833   0
120     29       0.833   0
120     30       0.833   0
120     31       0.833   0
120     32       0.833   0
120     33       0.833   0
120     34       0.833   0
120     35       0.833   0
120     36       0.833   0
120     37       0.833   0
120     38       0.833   0
120     39       0.833   0
120     40       0.833   0
120     41       0.833   0
120     42       0.833   0
120     43       0.833   0
120     44       0.833   0
120     45       0.833   0
120     46       0.833   0
120     47       0.833   0
120     48       0.833   0
120     49       0.833   0
120     50       0.833   0
120     51       0.833   0
120     52       0.833   0
120     53       0.833   0
120     54       0.833   0
120     55       0.833   0
120     56       0.833   0
120     57       0.833   0
120     58       0.833   0
120     59       0.833   0
120     60       0.833   0
120     61       0.833   0
120     62       0.833   0
120     63       0.833   0
120     64       0.833   0
### BC4-V1
#
121     1       0.833   -453.397
121     2       0.833   -454.557
121     3       0.833   -453.536
121     4       0.833   -455.103
121     5       0.833   -454.423
121     6       0.833   -455.302
121     7       0.833   -455.114
121     8       0.833   -454.203
121     9       0.833   -454.488
121     10       0.833   -455.518
121     11       0.833   -453.855
121     12       0.833   -455.301
121     13       0.833   -453.324
121     14       0.833   -455.071
121     15       0.833   -453.585
121     16       0.833   -454.443
121     17       0.833   -454.484
121     18       0.833   -455.283
121     19       0.833   -454.157
121     20       0.833   -454.889
121     21       0.833   -453.558
121     22       0.833   -455.18
121     23       0.833   -454.048
121     24       0.833   -453.75
121     25       0.833   -453.183
121     26       0.833   -453.875
121     27       0.833   -452.983
121     28       0.833   -453.518
121     29       0.833   -452.506
121     30       0.833   -453.762
121     31       0.833   -452.914
121     32       0.833   -453.25
121     33       0.833   -453.714
121     34       0.833   -453.846
121     35       0.833   -454.692
121     36       0.833   -453.696
121     37       0.833   -453.914
121     38       0.833   -453.95
121     39       0.833   -454.258
121     40       0.833   -453.447
121     41       0.833   -454.625
121     42       0.833   -454.531
121     43       0.833   -454.718
121     44       0.833   -454.488
121     45       0.833   -454.836
121     46       0.833   -454.727
121     47       0.833   -455.403
121     48       0.833   -454.366
121     49       0.833   -454.874
121     50       0.833   -455.487
121     51       0.833   -455.157
121     52       0.833   -454.552
121     53       0.833   -455.216
121     54       0.833   -454.85
121     55       0.833   -455.665
121     56       0.833   -455.041
121     57       0.833   -453.878
121     58       0.833   -454.215
121     59       0.833   -454.079
121     60       0.833   -453.532
121     61       0.833   -453.014
121     62       0.833   -453.292
121     63       0.833   -453.105
121     64       0.833   -453.803
### BC4-V2
#
122     1       0.833   -450.655
122     2       0.833   -449.777
122     3       0.833   -449.786
122     4       0.833   -448.386
122     5       0.833   -449.66
122     6       0.833   -450.575
122     7       0.833   -450.274
122     8       0.833   -451.081
122     9       0.833   -449.674
122     10       0.833   -450.778
122     11       0.833   -451.806
122     12       0.833   -450.421
122     13       0.833   -451.023
122     14       0.833   -450.839
122     15       0.833   -451.463
122     16       0.833   -450.133
122     17       0.833   -451.102
122     18       0.833   -450.717
122     19       0.833   -451.481
122     20       0.833   -451.303
122     21       0.833   -451.379
122     22       0.833   -452.23
122     23       0.833   -451.629
122     24       0.833   -451.394
122     25       0.833   -449.687
122     26       0.833   -449.713
122     27       0.833   -450.528
122     28       0.833   -451.003
122     29       0.833   -450.539
122     30       0.833   -450.743
122     31       0.833   -451.312
122     32       0.833   -450.109
122     33       0.833   -452.325
122     34       0.833   -451.138
122     35       0.833   -452.856
122     36       0.833   -452.029
122     37       0.833   -452.439
122     38       0.833   -451.761
122     39       0.833   -452.878
122     40       0.833   -452.424
122     41       0.833   -451.671
122     42       0.833   -453.091
122     43       0.833   -453.698
122     44       0.833   -453.571
122     45       0.833   -454.06
122     46       0.833   -453.497
122     47       0.833   -454.131
122     48       0.833   -453.77
122     49       0.833   -453.419
122     50       0.833   -453.085
122     51       0.833   -454.972
122     52       0.833   -453.43
122     53       0.833   -453.369
122     54       0.833   -453.257
122     55       0.833   -454.305
122     56       0.833   -452.978
122     57       0.833   -450.839
122     58       0.833   -451.752
122     59       0.833   -452.672
122     60       0.833   -452.418
122     61       0.833   -452.23
122     62       0.833   -452.241
122     63       0.833   -451.774
122     64       0.833   -452.181
### BC4-X1
#
123     1       0.833   -453.812
123     2       0.833   -453.65
123     3       0.833   0
123     4       0.833   0
123     5       0.833   -454.49
123     6       0.833   -453.015
123     7       0.833   -453.929
123     8       0.833   -452.267
123     9       0.833   -453.003
123     10       0.833   -454.129
123     11       0.833   -453.016
123     12       0.833   -453.476
123     13       0.833   -452.351
123     14       0.833   -453.554
123     15       0.833   -452.268
123     16       0.833   -453.046
123     17       0.833   -453.196
123     18       0.833   -453.747
123     19       0.833   -453.223
123     20       0.833   -453.394
123     21       0.833   -452.73
123     22       0.833   -453.151
123     23       0.833   -453.096
123     24       0.833   -452.506
123     25       0.833   -451.929
123     26       0.833   -452.776
123     27       0.833   -452.194
123     28       0.833   -452.783
123     29       0.833   -451.578
123     30       0.833   -453.089
123     31       0.833   -451.628
123     32       0.833   -452.472
123     33       0.833   -452.87
123     34       0.833   -452.772
123     35       0.833   -453.677
123     36       0.833   -452.891
123     37       0.833   -452.842
123     38       0.833   -452.266
123     39       0.833   -453.677
123     40       0.833   -452.207
123     41       0.833   -453.718
123     42       0.833   -453.699
123     43       0.833   -454.352
123     44       0.833   -453.7
123     45       0.833   -453.883
123     46       0.833   -453.917
123     47       0.833   -454.658
123     48       0.833   -454.358
123     49       0.833   -454.162
123     50       0.833   -454.254
123     51       0.833   -453.825
123     52       0.833   -453.669
123     53       0.833   -454.175
123     54       0.833   -453.942
123     55       0.833   -454.271
123     56       0.833   -452.987
123     57       0.833   -453.274
123     58       0.833   -453.421
123     59       0.833   -453.173
123     60       0.833   -453.368
123     61       0.833   -452.333
123     62       0.833   -453.073
123     63       0.833   -452.092
123     64       0.833   -452.387
### BC4-X2
#
124     1       0.833   -448.791
124     2       0.833   -447.393
124     3       0.833   -449.058
124     4       0.833   -446.769
124     5       0.833   -448.534
124     6       0.833   -447.757
124     7       0.833   -448.661
124     8       0.833   -448.515
124     9       0.833   -448.153
124     10       0.833   -448.39
124     11       0.833   -450.48
124     12       0.833   -447.995
124     13       0.833   -448.927
124     14       0.833   -448.129
124     15       0.833   -449.457
124     16       0.833   -447.466
124     17       0.833   -448.34
124     18       0.833   -448.272
124     19       0.833   -448.844
124     20       0.833   -448.838
124     21       0.833   -448.878
124     22       0.833   -449.027
124     23       0.833   -447.916
124     24       0.833   -446.817
124     25       0.833   -446.33
124     26       0.833   -445.941
124     27       0.833   -446.976
124     28       0.833   -447.604
124     29       0.833   -447.082
124     30       0.833   -447.209
124     31       0.833   -448.443
124     32       0.833   -446.817
124     33       0.833   -449.841
124     34       0.833   -449.676
124     35       0.833   -450.292
124     36       0.833   -450.201
124     37       0.833   -450.229
124     38       0.833   -450.596
124     39       0.833   -450.002
124     40       0.833   -450.666
124     41       0.833   -448.888
124     42       0.833   -450.329
124     43       0.833   -451.829
124     44       0.833   -451.859
124     45       0.833   -452.132
124     46       0.833   -451.782
124     47       0.833   -451.826
124     48       0.833   -451.806
124     49       0.833   -451.033
124     50       0.833   -451.659
124     51       0.833   -452.229
124     52       0.833   -451.5
124     53       0.833   -452.139
124     54       0.833   -451.902
124     55       0.833   -451.901
124     56       0.833   -451.459
124     57       0.833   -449.842
124     58       0.833   -449.572
124     59       0.833   -451.64
124     60       0.833   -450.999
124     61       0.833   -451.491
124     62       0.833   -450.294
124     63       0.833   -450.778
124     64       0.833   -449.817
### SDC1-V1
#
1     1       0.833   -439.205
1     2       0.833   -440.514
1     3       0.833   -440.162
1     4       0.833   -439.918
1     5       0.833   -440.913
1     6       0.833   -442.179
1     7       0.833   -441.576
1     8       0.833   -440.255
1     9       0.833   -439.27
1     10       0.833   -440.219
1     11       0.833   -439.579
1     12       0.833   -440.49
1     13       0.833   -440.964
1     14       0.833   -439.937
1     15       0.833   -438.339
1     16       0.833   -439.421
1     17       0.833   -442.097
1     18       0.833   -443.365
1     19       0.833   -442.681
1     20       0.833   -443.448
1     21       0.833   -443.058
1     22       0.833   -442.616
1     23       0.833   -442.803
1     24       0.833   -441.974
1     25       0.833   -443.005
1     26       0.833   -443.801
1     27       0.833   -442.598
1     28       0.833   -443.167
1     29       0.833   -441.991
1     30       0.833   -441.641
1     31       0.833   -441.296
1     32       0.833   -441.412
1     33       0.833   -443.332
1     34       0.833   -443.957
1     35       0.833   -444.259
1     36       0.833   -444.91
1     37       0.833   -444.68
1     38       0.833   -444.956
1     39       0.833   -444.025
1     40       0.833   -443.905
1     41       0.833   -444.681
1     42       0.833   -444.446
1     43       0.833   -443.699
1     44       0.833   -444.289
1     45       0.833   -443.236
1     46       0.833   -442.91
1     47       0.833   -442.5
1     48       0.833   -442.417
1     49       0.833   -441.424
1     50       0.833   -441.749
1     51       0.833   -442.492
1     52       0.833   -441.518
1     53       0.833   -442.632
1     54       0.833   -442.459
1     55       0.833   -442.961
1     56       0.833   -443.687
1     57       0.833   -444.211
1     58       0.833   -443.905
1     59       0.833   -444.058
1     60       0.833   -443.783
1     61       0.833   -442.174
1     62       0.833   -441.864
1     63       0.833   -441.789
1     64       0.833   -440.458
### SDC1-V2
#
2     1       0.833   -440.799
2     2       0.833   -440.152
2     3       0.833   -440.216
2     4       0.833   -440.265
2     5       0.833   -441.41
2     6       0.833   -441.027
2     7       0.833   -441.815
2     8       0.833   -440.852
2     9       0.833   -440.607
2     10       0.833   -440.644
2     11       0.833   -441.551
2     12       0.833   -439.961
2     13       0.833   -439.968
2     14       0.833   -439.223
2     15       0.833   -439.993
2     16       0.833   -439.809
2     17       0.833   -443.269
2     18       0.833   -444.206
2     19       0.833   -443.961
2     20       0.833   -443.529
2     21       0.833   -445.045
2     22       0.833   -443.6
2     23       0.833   -444.163
2     24       0.833   -443.457
2     25       0.833   -444.624
2     26       0.833   -444.319
2     27       0.833   -443.701
2     28       0.833   -442.83
2     29       0.833   -443.416
2     30       0.833   -443.118
2     31       0.833   -442.519
2     32       0.833   -442.361
2     33       0.833   -444.593
2     34       0.833   -444.553
2     35       0.833   -444.607
2     36       0.833   -444.346
2     37       0.833   -445.535
2     38       0.833   -444.715
2     39       0.833   -445.071
2     40       0.833   -444.454
2     41       0.833   -445.853
2     42       0.833   -445.285
2     43       0.833   -444.984
2     44       0.833   -444.428
2     45       0.833   -444.377
2     46       0.833   -444.37
2     47       0.833   -444.128
2     48       0.833   -443.668
2     49       0.833   -442.432
2     50       0.833   -442.317
2     51       0.833   -442.171
2     52       0.833   -441.686
2     53       0.833   -444.005
2     54       0.833   -442.595
2     55       0.833   -444.284
2     56       0.833   -443.8
2     57       0.833   -444.649
2     58       0.833   -444.053
2     59       0.833   -443.012
2     60       0.833   -441.837
2     61       0.833   -442.498
2     62       0.833   -442.59
2     63       0.833   -442.146
2     64       0.833   -441.369
### SDC1-X1
#
3     1       0.833   -443.931
3     2       0.833   -443.965
3     3       0.833   -444.198
3     4       0.833   -443.487
3     5       0.833   -445.007
3     6       0.833   -444.639
3     7       0.833   -444.812
3     8       0.833   -444.672
3     9       0.833   -445.478
3     10       0.833   -444.731
3     11       0.833   -444.773
3     12       0.833   -444.754
3     13       0.833   -445.054
3     14       0.833   -444.723
3     15       0.833   -444.087
3     16       0.833   -443.175
3     17       0.833   -442.464
3     18       0.833   -443.697
3     19       0.833   -443.882
3     20       0.833   -444.131
3     21       0.833   -444.491
3     22       0.833   -443.933
3     23       0.833   -444.405
3     24       0.833   -444.084
3     25       0.833   -444.917
3     26       0.833   -444.589
3     27       0.833   -444.671
3     28       0.833   -444.364
3     29       0.833   -443.574
3     30       0.833   -443.8
3     31       0.833   -443.83
3     32       0.833   -443.442
3     33       0.833   -441.996
3     34       0.833   -442.518
3     35       0.833   -442.593
3     36       0.833   -441.491
3     37       0.833   -444.311
3     38       0.833   -443.82
3     39       0.833   -444.456
3     40       0.833   -443.857
3     41       0.833   -444.084
3     42       0.833   -444.102
3     43       0.833   -443.15
3     44       0.833   -441.255
3     45       0.833   -442.521
3     46       0.833   -443.353
3     47       0.833   -442.41
3     48       0.833   -442.398
3     49       0.833   -441.249
3     50       0.833   -440.922
3     51       0.833   -441.212
3     52       0.833   -441.214
3     53       0.833   -441.932
3     54       0.833   -441.347
3     55       0.833   -442.204
3     56       0.833   -442.028
3     57       0.833   -442.998
3     58       0.833   -443.279
3     59       0.833   -443.96
3     60       0.833   -441.414
3     61       0.833   -441.503
3     62       0.833   -440.703
3     63       0.833   -441.049
3     64       0.833   -440.61
### SDC1-X2
#
4     1       0.833   -441.903
4     2       0.833   -443.757
4     3       0.833   -443.842
4     4       0.833   -444.163
4     5       0.833   -444.409
4     6       0.833   -444.413
4     7       0.833   -444.343
4     8       0.833   -444.585
4     9       0.833   -445.204
4     10       0.833   -444.667
4     11       0.833   -444.858
4     12       0.833   -445.176
4     13       0.833   -444.69
4     14       0.833   -444.617
4     15       0.833   -443.514
4     16       0.833   -443.163
4     17       0.833   -442.412
4     18       0.833   -443.712
4     19       0.833   -443.65
4     20       0.833   -444.484
4     21       0.833   -443.925
4     22       0.833   -443.614
4     23       0.833   -443.638
4     24       0.833   -443.628
4     25       0.833   -443.899
4     26       0.833   -443.774
4     27       0.833   -443.303
4     28       0.833   -444.365
4     29       0.833   -443.332
4     30       0.833   -443.108
4     31       0.833   -442.927
4     32       0.833   -443.042
4     33       0.833   -441.906
4     34       0.833   -442.398
4     35       0.833   -442.395
4     36       0.833   -441.652
4     37       0.833   -443.937
4     38       0.833   -444.11
4     39       0.833   -444.332
4     40       0.833   -444.488
4     41       0.833   -444.217
4     42       0.833   -443.975
4     43       0.833   -443.896
4     44       0.833   -443.255
4     45       0.833   -442.845
4     46       0.833   -442.797
4     47       0.833   -441.971
4     48       0.833   -441.704
4     49       0.833   -440.73
4     50       0.833   -441.056
4     51       0.833   -441.827
4     52       0.833   -440.775
4     53       0.833   -441.166
4     54       0.833   -441.684
4     55       0.833   -441.87
4     56       0.833   -441.044
4     57       0.833   -441.184
4     58       0.833   -442.87
4     59       0.833   -442.291
4     60       0.833   -442.186
4     61       0.833   -442.803
4     62       0.833   -441.225
4     63       0.833   -439.78
4     64       0.833   -439.994
### SDC1-U1
#
5     1       0.833   -443.436
5     2       0.833   -443.618
5     3       0.833   -444.894
5     4       0.833   -444.759
5     5       0.833   -444.046
5     6       0.833   -444.21
5     7       0.833   -444.266
5     8       0.833   -443.672
5     9       0.833   -444.696
5     10       0.833   -444.343
5     11       0.833   -443.816
5     12       0.833   -444.701
5     13       0.833   -444.17
5     14       0.833   -443.457
5     15       0.833   -443.539
5     16       0.833   -443.06
5     17       0.833   -442.169
5     18       0.833   -442.932
5     19       0.833   -443.254
5     20       0.833   -441.583
5     21       0.833   -444.019
5     22       0.833   -444.046
5     23       0.833   -444.136
5     24       0.833   -444.243
5     25       0.833   -444.897
5     26       0.833   -444.109
5     27       0.833   -444.059
5     28       0.833   -443.697
5     29       0.833   -443.678
5     30       0.833   -442.846
5     31       0.833   -442.934
5     32       0.833   -441.805
5     33       0.833   -440.704
5     34       0.833   -441.221
5     35       0.833   -442.319
5     36       0.833   -440.254
5     37       0.833   -441.681
5     38       0.833   -442.692
5     39       0.833   -441.734
5     40       0.833   -441.176
5     41       0.833   -440.528
5     42       0.833   -441.887
5     43       0.833   -440.993
5     44       0.833   -440.926
5     45       0.833   -442.519
5     46       0.833   -441.247
5     47       0.833   -439.852
5     48       0.833   -440.774
5     49       0.833   -443.925
5     50       0.833   -444.468
5     51       0.833   -443.947
5     52       0.833   -444.488
5     53       0.833   -444.389
5     54       0.833   -444.357
5     55       0.833   -444.851
5     56       0.833   -444.963
5     57       0.833   -445.678
5     58       0.833   -445.514
5     59       0.833   -445.386
5     60       0.833   -446.244
5     61       0.833   -445.381
5     62       0.833   -445.298
5     63       0.833   -444.369
5     64       0.833   -444.371
### SDC1-U2
#
6     1       0.833   -442.188
6     2       0.833   -444.341
6     3       0.833   -443.354
6     4       0.833   -443.856
6     5       0.833   -444.811
6     6       0.833   -444.184
6     7       0.833   -443.78
6     8       0.833   -443.554
6     9       0.833   -445.425
6     10       0.833   -444.687
6     11       0.833   -444.748
6     12       0.833   -444.376
6     13       0.833   -444.142
6     14       0.833   -443.783
6     15       0.833   -444.026
6     16       0.833   -443.668
6     17       0.833   -441.917
6     18       0.833   -442.344
6     19       0.833   -442.058
6     20       0.833   -440.746
6     21       0.833   -444.192
6     22       0.833   -443.249
6     23       0.833   -443.911
6     24       0.833   -443.334
6     25       0.833   -444.102
6     26       0.833   -444.229
6     27       0.833   -443.414
6     28       0.833   -440.962
6     29       0.833   -442.376
6     30       0.833   -442.838
6     31       0.833   -442.558
6     32       0.833   -442.032
6     33       0.833   -441.398
6     34       0.833   -440.965
6     35       0.833   -440.515
6     36       0.833   -440.686
6     37       0.833   -441.688
6     38       0.833   -441.78
6     39       0.833   -441.563
6     40       0.833   -441.113
6     41       0.833   -441.54
6     42       0.833   -442.904
6     43       0.833   -443.227
6     44       0.833   -440.274
6     45       0.833   -441.202
6     46       0.833   -441.499
6     47       0.833   -441.499
6     48       0.833   -441.499
6     49       0.833   -443.911
6     50       0.833   -444.266
6     51       0.833   -443.7
6     52       0.833   -443.889
6     53       0.833   -444.948
6     54       0.833   -444.655
6     55       0.833   -444.79
6     56       0.833   -445.002
6     57       0.833   -445.885
6     58       0.833   -444.823
6     59       0.833   -445.287
6     60       0.833   -445.257
6     61       0.833   -445.521
6     62       0.833   -445.567
6     63       0.833   -444.908
6     64       0.833   -444.908
### SDC2-X1
#
7     1       0.833   -947.484
7     2       0.833   -954.218
7     3       0.833   -953.646
7     4       0.833   -954.524
7     5       0.833   -953.123
7     6       0.833   -955.346
7     7       0.833   -952.646
7     8       0.833   -949.205
7     9       0.833   -949.209
7     10       0.833   -950.354
7     11       0.833   -949.152
7     12       0.833   -946.797
7     13       0.833   -947.287
7     14       0.833   -950.046
7     15       0.833   -950.192
7     16       0.833   -946.388
7     17       0.833   -949.616
7     18       0.833   -950.562
7     19       0.833   -952.891
7     20       0.833   -950.679
7     21       0.833   -952.006
7     22       0.833   -952.192
7     23       0.833   -952.487
7     24       0.833   -952.677
7     25       0.833   -954.488
7     26       0.833   -954.541
7     27       0.833   -954.231
7     28       0.833   -954.497
7     29       0.833   -952.944
7     30       0.833   -953.794
7     31       0.833   -952.785
7     32       0.833   -951.721
7     33       0.833   -952.562
7     34       0.833   -950.929
7     35       0.833   -953.358
7     36       0.833   -953.063
7     37       0.833   -952.719
7     38       0.833   -953.903
7     39       0.833   -953.695
7     40       0.833   -951.856
7     41       0.833   -951.995
7     42       0.833   -951.892
7     43       0.833   -951.783
7     44       0.833   -951.137
7     45       0.833   -952.096
7     46       0.833   -952.092
7     47       0.833   -951.713
7     48       0.833   -951.597
7     49       0.833   -953.266
7     50       0.833   -953.976
7     51       0.833   -952.829
7     52       0.833   -952.49
7     53       0.833   -951.672
7     54       0.833   -952.53
7     55       0.833   -951.514
7     56       0.833   -953.778
7     57       0.833   -951.63
7     58       0.833   -954.941
7     59       0.833   -952.245
7     60       0.833   -953.638
7     61       0.833   -952.033
7     62       0.833   -953.724
7     63       0.833   -951.04
7     64       0.833   -953.346
7     65       0.833   -953.158
7     66       0.833   -954.157
7     67       0.833   -953.914
7     68       0.833   -952.089
7     69       0.833   -953.663
7     70       0.833   -951.903
### SDC2-X2
#
8     1       0.833   -954.003
8     2       0.833   -955.298
8     3       0.833   -956.359
8     4       0.833   -956.174
8     5       0.833   -957.742
8     6       0.833   -957.5
8     7       0.833   -957.294
8     8       0.833   -956.177
8     9       0.833   -953.545
8     10       0.833   -952.114
8     11       0.833   -951.443
8     12       0.833   -950.625
8     13       0.833   -953.438
8     14       0.833   -954.151
8     15       0.833   -952.085
8     16       0.833   -951.722
8     17       0.833   -954.596
8     18       0.833   -954.788
8     19       0.833   -954.372
8     20       0.833   -954.431
8     21       0.833   -954.811
8     22       0.833   -955.508
8     23       0.833   -955.83
8     24       0.833   -955.702
8     25       0.833   -955.134
8     26       0.833   -955.157
8     27       0.833   -955.489
8     28       0.833   -953.805
8     29       0.833   -954.894
8     30       0.833   -956.7
8     31       0.833   -955.869
8     32       0.833   -955.883
8     33       0.833   -953.956
8     34       0.833   -954.516
8     35       0.833   -954.361
8     36       0.833   -954.01
8     37       0.833   -954.748
8     38       0.833   -955.295
8     39       0.833   -953.625
8     40       0.833   -953.759
8     41       0.833   -953.541
8     42       0.833   -953.595
8     43       0.833   -953.568
8     44       0.833   -953.542
8     45       0.833   -954.629
8     46       0.833   -954.25
8     47       0.833   -953.652
8     48       0.833   -952.132
8     49       0.833   -954.624
8     50       0.833   -954.828
8     51       0.833   -954.388
8     52       0.833   -954.314
8     53       0.833   -955.856
8     54       0.833   -956.029
8     55       0.833   -955.001
8     56       0.833   -955.873
8     57       0.833   -954.322
8     58       0.833   -954.758
8     59       0.833   -956.565
8     60       0.833   -955.222
8     61       0.833   -954.415
8     62       0.833   -955.85
8     63       0.833   -955.314
8     64       0.833   -956.358
8     65       0.833   -956.855
8     66       0.833   -958.661
8     67       0.833   -955.176
8     68       0.833   -954.314
8     69       0.833   -956.495
8     70       0.833   -951.467
### SDC2-Y1
#
9     1       0.833   -956.83
9     2       0.833   -958.327
9     3       0.833   -957.165
9     4       0.833   -957.44
9     5       0.833   -955.103
9     6       0.833   -956.797
9     7       0.833   -955.425
9     8       0.833   -954.16
9     9       0.833   -952.385
9     10       0.833   -953.864
9     11       0.833   -953.727
9     12       0.833   -953.48
9     13       0.833   -953.053
9     14       0.833   -952.53
9     15       0.833   -951.664
9     16       0.833   -950.579
9     17       0.833   -954.363
9     18       0.833   -953.854
9     19       0.833   -952.237
9     20       0.833   -953.32
9     21       0.833   -949.543
9     22       0.833   -952.191
9     23       0.833   -952.553
9     24       0.833   -951.572
9     25       0.833   -954.669
9     26       0.833   -956.752
9     27       0.833   -955.031
9     28       0.833   -954.772
9     29       0.833   -953.851
9     30       0.833   -956.048
9     31       0.833   -955.004
9     32       0.833   -954.147
9     33       0.833   -954.982
9     34       0.833   -955.067
9     35       0.833   -954.797
9     36       0.833   -954.728
9     37       0.833   -954.146
9     38       0.833   -954.431
9     39       0.833   -953.586
9     40       0.833   -951.32
### SDC2-Y2
#
10     1       0.833   -948.029
10     2       0.833   -951.448
10     3       0.833   -950.806
10     4       0.833   -950.35
10     5       0.833   -952.75
10     6       0.833   -952.818
10     7       0.833   -952.235
10     8       0.833   -951.867
10     9       0.833   -949.337
10     10       0.833   -950.047
10     11       0.833   -949.986
10     12       0.833   -948.938
10     13       0.833   -950.063
10     14       0.833   -947.106
10     15       0.833   -946.515
10     16       0.833   -946.842
10     17       0.833   -948.619
10     18       0.833   -948.159
10     19       0.833   -945.499
10     20       0.833   -944.515
10     21       0.833   -947.215
10     22       0.833   -945.833
10     23       0.833   -947.807
10     24       0.833   -947.998
10     25       0.833   -948.883
10     26       0.833   -948.99
10     27       0.833   -950.4
10     28       0.833   -949.582
10     29       0.833   -949.215
10     30       0.833   -951.507
10     31       0.833   -949.571
10     32       0.833   -948.887
10     33       0.833   -946.419
10     34       0.833   -950.89
10     35       0.833   -951.241
10     36       0.833   -947.071
10     37       0.833   -950.79
10     38       0.833   -950.77
10     39       0.833   -948.84
10     40       0.833   -945.415
### SDC3-X1
#
31     1       0.833   -867.833
31     2       0.833   -868.859
31     3       0.833   -869.729
31     4       0.833   -869.808
31     5       0.833   -870.587
31     6       0.833   -870.105
31     7       0.833   -870.271
31     8       0.833   -870.148
31     9       0.833   -872.397
31     10       0.833   -873.126
31     11       0.833   -872.265
31     12       0.833   -871.922
31     13       0.833   -871.95
31     14       0.833   -868.804
31     15       0.833   -869.818
31     16       0.833   -868.129
31     17       0.833   -867.713
31     18       0.833   -867.603
31     19       0.833   -867.307
31     20       0.833   -866.283
31     21       0.833   -865.706
31     22       0.833   -866.563
31     23       0.833   -866.07
31     24       0.833   -864.495
31     25       0.833   -867.323
31     26       0.833   -866.3
31     27       0.833   -864.049
31     28       0.833   -866.689
31     29       0.833   -862.787
31     30       0.833   -864.084
31     31       0.833   -863.651
31     32       0.833   -863.663
31     33       0.833   -864.498
31     34       0.833   -864.608
31     35       0.833   -864.659
31     36       0.833   -863.632
31     37       0.833   -864.425
31     38       0.833   -863.703
31     39       0.833   -865.394
31     40       0.833   -864.406
31     41       0.833   -864.246
31     42       0.833   -866.953
31     43       0.833   -867.333
31     44       0.833   -866.876
31     45       0.833   -865.27
31     46       0.833   -863.965
31     47       0.833   -865.385
31     48       0.833   -865.545
31     49       0.833   -864.467
31     50       0.833   -864.523
31     51       0.833   -865.287
31     52       0.833   -865.286
31     53       0.833   -866.33
31     54       0.833   -866.639
31     55       0.833   -867.953
31     56       0.833   -867.162
31     57       0.833   -867.713
31     58       0.833   -868.446
31     59       0.833   -868.197
31     60       0.833   -869.461
31     61       0.833   -868.576
31     62       0.833   -868.213
31     63       0.833   -868.7
31     64       0.833   -868.67
31     65       0.833   -866.841
31     66       0.833   -866.378
31     67       0.833   -866.361
31     68       0.833   -866.607
31     69       0.833   -866.83
31     70       0.833   -866.74
31     71       0.833   -866.566
31     72       0.833   -866.241
31     73       0.833   -866.334
31     74       0.833   -867.692
31     75       0.833   -866.213
31     76       0.833   -867.005
31     77       0.833   -866.841
31     78       0.833   -867.352
31     79       0.833   -866.983
31     80       0.833   -865.771
31     81       0.833   -864.541
31     82       0.833   -864.786
31     83       0.833   -863.86
31     84       0.833   -865.564
31     85       0.833   -864.655
31     86       0.833   -865.886
31     87       0.833   -866.472
31     88       0.833   -865.365
31     89       0.833   -863.481
31     90       0.833   -866.413
31     91       0.833   -865.592
31     92       0.833   -866.407
31     93       0.833   -866.68
31     94       0.833   -865.385
31     95       0.833   -866.959
31     96       0.833   -866.911
31     97       0.833   -864.818
31     98       0.833   -865.399
31     99       0.833   -865.206
31     100       0.833   -864.75
31     101       0.833   -864.799
31     102       0.833   -864.034
31     103       0.833   -864.821
31     104       0.833   -864.322
31     105       0.833   -865.943
31     106       0.833   -865.499
31     107       0.833   -865.106
31     108       0.833   -864.459
31     109       0.833   -864.375
31     110       0.833   -861.777
31     111       0.833   -861.719
31     112       0.833   -862.296
31     113       0.833   -862.392
31     114       0.833   -861.027
31     115       0.833   -862.402
31     116       0.833   -862.085
31     117       0.833   -862.783
31     118       0.833   -862.242
31     119       0.833   -863.143
31     120       0.833   -861.778
31     121       0.833   -864.434
31     122       0.833   -863.75
31     123       0.833   -864.494
31     124       0.833   -863.268
31     125       0.833   -862.151
31     126       0.833   -860.678
31     127       0.833   -861.203
31     128       0.833   -858.869
### SDC3-X2
#
32     1       0.833   -870.433
32     2       0.833   -872.274
32     3       0.833   -871.216
32     4       0.833   -871.146
32     5       0.833   -871.385
32     6       0.833   -870.183
32     7       0.833   -870.722
32     8       0.833   -870.071
32     9       0.833   -873.242
32     10       0.833   -873.936
32     11       0.833   -874.023
32     12       0.833   -874.073
32     13       0.833   -871.534
32     14       0.833   -871.72
32     15       0.833   -870.903
32     16       0.833   -870.091
32     17       0.833   -868.218
32     18       0.833   -868.069
32     19       0.833   -869.184
32     20       0.833   -867.567
32     21       0.833   -868.443
32     22       0.833   -868.408
32     23       0.833   -866.786
32     24       0.833   -866.222
32     25       0.833   -870.166
32     26       0.833   -868.887
32     27       0.833   -867.604
32     28       0.833   -867.95
32     29       0.833   -865.343
32     30       0.833   -866.231
32     31       0.833   -866.43
32     32       0.833   -865.776
32     33       0.833   -866.515
32     34       0.833   -866.923
32     35       0.833   -868.156
32     36       0.833   -867.679
32     37       0.833   -868.548
32     38       0.833   -867.864
32     39       0.833   -867.217
32     40       0.833   -866.041
32     41       0.833   -872.034
32     42       0.833   -869.056
32     43       0.833   -868.838
32     44       0.833   -869.253
32     45       0.833   -867.748
32     46       0.833   -867.602
32     47       0.833   -868.531
32     48       0.833   -869.065
32     49       0.833   -868.028
32     50       0.833   -867.274
32     51       0.833   -868.054
32     52       0.833   -866.026
32     53       0.833   -869.103
32     54       0.833   -867.204
32     55       0.833   -868.325
32     56       0.833   -867.397
32     57       0.833   -871.895
32     58       0.833   -871.154
32     59       0.833   -871.192
32     60       0.833   -871.741
32     61       0.833   -869.69
32     62       0.833   -869.575
32     63       0.833   -868.832
32     64       0.833   -868.771
32     65       0.833   -871.07
32     66       0.833   -870.677
32     67       0.833   -870.727
32     68       0.833   -871.04
32     69       0.833   -870.953
32     70       0.833   -870.439
32     71       0.833   -871.23
32     72       0.833   -869.707
32     73       0.833   -871.115
32     74       0.833   -871.039
32     75       0.833   -869.975
32     76       0.833   -871.529
32     77       0.833   -868.692
32     78       0.833   -868.541
32     79       0.833   -867.22
32     80       0.833   -866.629
32     81       0.833   -867.954
32     82       0.833   -867.424
32     83       0.833   -869.762
32     84       0.833   -869.437
32     85       0.833   -868.943
32     86       0.833   -868.446
32     87       0.833   -869.086
32     88       0.833   -869.064
32     89       0.833   -871.421
32     90       0.833   -870.988
32     91       0.833   -870.796
32     92       0.833   -870.349
32     93       0.833   -868.391
32     94       0.833   -867.397
32     95       0.833   -868.236
32     96       0.833   -867.588
32     97       0.833   -869.045
32     98       0.833   -868.261
32     99       0.833   -868.261
32     100       0.833   -868.183
32     101       0.833   -868.658
32     102       0.833   -866.859
32     103       0.833   -869
32     104       0.833   -868.078
32     105       0.833   -868.745
32     106       0.833   -869.017
32     107       0.833   -868.369
32     108       0.833   -868.171
32     109       0.833   -867.502
32     110       0.833   -866.314
32     111       0.833   -867.843
32     112       0.833   -867.029
32     113       0.833   -865.493
32     114       0.833   -864.352
32     115       0.833   -865.533
32     116       0.833   -864.947
32     117       0.833   -866.794
32     118       0.833   -865.442
32     119       0.833   -866.713
32     120       0.833   -865.243
32     121       0.833   -867.999
32     122       0.833   -867.472
32     123       0.833   -867.529
32     124       0.833   -867.028
32     125       0.833   -865.753
32     126       0.833   -865.436
32     127       0.833   -864.472
32     128       0.833   -861.358
### SDC3-Y1
#
33     1       0.833   -869.918
33     2       0.833   -875.052
33     3       0.833   -875.383
33     4       0.833   -872.979
33     5       0.833   -875.386
33     6       0.833   -874.647
33     7       0.833   -873.949
33     8       0.833   -872.581
33     9       0.833   -871.953
33     10       0.833   -871.577
33     11       0.833   -870.863
33     12       0.833   -869.425
33     13       0.833   -871.117
33     14       0.833   -871.955
33     15       0.833   -870.538
33     16       0.833   -870.337
33     17       0.833   -870.542
33     18       0.833   -871.224
33     19       0.833   -870.316
33     20       0.833   -871.344
33     21       0.833   -872.104
33     22       0.833   -871.6
33     23       0.833   -871.518
33     24       0.833   -871.499
33     25       0.833   -870.043
33     26       0.833   -870.162
33     27       0.833   -870.396
33     28       0.833   -868.848
33     29       0.833   -869.424
33     30       0.833   -870.998
33     31       0.833   -869.748
33     32       0.833   -870.512
33     33       0.833   -870.677
33     34       0.833   -871.234
33     35       0.833   -870.923
33     36       0.833   -870.778
33     37       0.833   -870.197
33     38       0.833   -870.396
33     39       0.833   -870.825
33     40       0.833   -869.393
33     41       0.833   -868.548
33     42       0.833   -869.301
33     43       0.833   -869.896
33     44       0.833   -869.294
33     45       0.833   -869.274
33     46       0.833   -869.325
33     47       0.833   -868.059
33     48       0.833   -867.163
33     49       0.833   -868.823
33     50       0.833   -868.856
33     51       0.833   -869.569
33     52       0.833   -868.623
33     53       0.833   -870.985
33     54       0.833   -871.107
33     55       0.833   -870.425
33     56       0.833   -871.532
33     57       0.833   -869.77
33     58       0.833   -870.943
33     59       0.833   -870.824
33     60       0.833   -870.258
33     61       0.833   -869.05
33     62       0.833   -869.551
33     63       0.833   -870.289
33     64       0.833   -869.338
33     65       0.833   -867.25
33     66       0.833   -868.016
33     67       0.833   -867.78
33     68       0.833   -870.328
33     69       0.833   -870.712
33     70       0.833   -870.928
33     71       0.833   -869.922
33     72       0.833   -870.693
33     73       0.833   -864.447
33     74       0.833   -868.076
33     75       0.833   -868.041
33     76       0.833   -869.17
33     77       0.833   -869.208
33     78       0.833   -869.7
33     79       0.833   -868.427
33     80       0.833   -869.193
33     81       0.833   -871.136
33     82       0.833   -871.451
33     83       0.833   -871.159
33     84       0.833   -870.952
33     85       0.833   -870.649
33     86       0.833   -871.393
33     87       0.833   -871.399
33     88       0.833   -868.276
33     89       0.833   -868.197
33     90       0.833   -868.585
33     91       0.833   -868.836
33     92       0.833   -870.337
33     93       0.833   -869.276
33     94       0.833   -869.433
33     95       0.833   -869.289
33     96       0.833   -869.222
33     97       0.833   -867.378
33     98       0.833   -866.637
33     99       0.833   -867.993
33     100       0.833   -866.823
33     101       0.833   -867.002
33     102       0.833   -868.735
33     103       0.833   -868.754
33     104       0.833   -870.757
33     105       0.833   -866.011
33     106       0.833   -867.386
33     107       0.833   -868.391
33     108       0.833   -867.285
33     109       0.833   -865.412
33     110       0.833   -867.568
33     111       0.833   -866.155
33     112       0.833   -865.832
33     113       0.833   -867.406
33     114       0.833   -868.321
33     115       0.833   -869.861
33     116       0.833   -870.138
33     117       0.833   -869.818
33     118       0.833   -870.96
33     119       0.833   -871.139
33     120       0.833   -869.858
33     121       0.833   -869.04
33     122       0.833   -867.281
33     123       0.833   -869.023
33     124       0.833   -870.312
33     125       0.833   -870.394
33     126       0.833   -869.599
33     127       0.833   -870.185
33     128       0.833   -868.724
### SDC3-Y2
#
34     1       0.833   -869.271
34     2       0.833   -869.857
34     3       0.833   -871.49
34     4       0.833   -873.828
34     5       0.833   -870.586
34     6       0.833   -872.905
34     7       0.833   -873.41
34     8       0.833   -870.007
34     9       0.833   -870.286
34     10       0.833   -871.852
34     11       0.833   -868.831
34     12       0.833   -870.156
34     13       0.833   -868.264
34     14       0.833   -869.961
34     15       0.833   -867.843
34     16       0.833   -869.042
34     17       0.833   -868.663
34     18       0.833   -868.338
34     19       0.833   -868.898
34     20       0.833   -870.425
34     21       0.833   -869.638
34     22       0.833   -868.139
34     23       0.833   -869.314
34     24       0.833   -868.628
34     25       0.833   -868.13
34     26       0.833   -868.107
34     27       0.833   -866.993
34     28       0.833   -866.975
34     29       0.833   -867.516
34     30       0.833   -868.062
34     31       0.833   -867.384
34     32       0.833   -868.638
34     33       0.833   -866.937
34     34       0.833   -868.215
34     35       0.833   -867.499
34     36       0.833   -866.901
34     37       0.833   -868.605
34     38       0.833   -868.561
34     39       0.833   -868.145
34     40       0.833   -867.489
34     41       0.833   -867.054
34     42       0.833   -866.58
34     43       0.833   -867.265
34     44       0.833   -867.103
34     45       0.833   -867.229
34     46       0.833   -866.809
34     47       0.833   -865.926
34     48       0.833   -866.221
34     49       0.833   -866.964
34     50       0.833   -867.517
34     51       0.833   -867.534
34     52       0.833   -867.4
34     53       0.833   -869.644
34     54       0.833   -869.147
34     55       0.833   -868.917
34     56       0.833   -868.555
34     57       0.833   -867.43
34     58       0.833   -867.456
34     59       0.833   -867.572
34     60       0.833   -867.724
34     61       0.833   -868.221
34     62       0.833   -868.12
34     63       0.833   -866.78
34     64       0.833   -867.388
34     65       0.833   -864.636
34     66       0.833   -865.712
34     67       0.833   -866.291
34     68       0.833   -864.629
34     69       0.833   -868.081
34     70       0.833   -867.378
34     71       0.833   -867.362
34     72       0.833   -867.739
34     73       0.833   -862.947
34     74       0.833   -865.435
34     75       0.833   -866.043
34     76       0.833   -867.103
34     77       0.833   -863.25
34     78       0.833   -866.68
34     79       0.833   -866.354
34     80       0.833   -867.036
34     81       0.833   -865.828
34     82       0.833   -867.416
34     83       0.833   -866.621
34     84       0.833   -866.898
34     85       0.833   -866.453
34     86       0.833   -867.826
34     87       0.833   -867.585
34     88       0.833   -868.161
34     89       0.833   -863.631
34     90       0.833   -864.816
34     91       0.833   -866.199
34     92       0.833   -867.089
34     93       0.833   -865.46
34     94       0.833   -867.34
34     95       0.833   -865.41
34     96       0.833   -865.084
34     97       0.833   -864.955
34     98       0.833   -865.136
34     99       0.833   -864.887
34     100       0.833   -864.075
34     101       0.833   -866.222
34     102       0.833   -866.719
34     103       0.833   -866.235
34     104       0.833   -868.241
34     105       0.833   -864.14
34     106       0.833   -865.282
34     107       0.833   -867.321
34     108       0.833   -865.133
34     109       0.833   -865.213
34     110       0.833   -866.027
34     111       0.833   -862.882
34     112       0.833   -863.145
34     113       0.833   -864.705
34     114       0.833   -864.855
34     115       0.833   -863.615
34     116       0.833   -865.42
34     117       0.833   -866.102
34     118       0.833   -868.424
34     119       0.833   -868.262
34     120       0.833   -868.483
34     121       0.833   -865.81
34     122       0.833   -866.789
34     123       0.833   -867.918
34     124       0.833   -868.296
34     125       0.833   -866.781
34     126       0.833   -867.424
34     127       0.833   -865.351
34     128       0.833   -860.272
### SDC4-Y1
#
35     1       0.833   -849.478
35     2       0.833   -850.052
35     3       0.833   -849.898
35     4       0.833   -850.987
35     5       0.833   -849.045
35     6       0.833   -849.345
35     7       0.833   -850.237
35     8       0.833   -845.894
35     9       0.833   -847.9
35     10       0.833   -847.634
35     11       0.833   -848.943
35     12       0.833   -848.283
35     13       0.833   -845.337
35     14       0.833   -844.799
35     15       0.833   -845.817
35     16       0.833   -845.189
35     17       0.833   -844.554
35     18       0.833   -842.652
35     19       0.833   -844.846
35     20       0.833   -845.079
35     21       0.833   -844.323
35     22       0.833   -844.883
35     23       0.833   -844.681
35     24       0.833   -842.234
35     25       0.833   -843.608
35     26       0.833   -842.647
35     27       0.833   -843.563
35     28       0.833   -844.594
35     29       0.833   -845.013
35     30       0.833   -844.555
35     31       0.833   -843.904
35     32       0.833   -846.293
35     33       0.833   -852.597
35     34       0.833   -849.009
35     35       0.833   -849.18
35     36       0.833   -848.489
35     37       0.833   -849.113
35     38       0.833   -847.778
35     39       0.833   -847.373
35     40       0.833   -846.362
35     41       0.833   -846.461
35     42       0.833   -846.044
35     43       0.833   -847.528
35     44       0.833   -847.899
35     45       0.833   -848.808
35     46       0.833   -846.664
35     47       0.833   -847.613
35     48       0.833   -846.532
35     49       0.833   -848.036
35     50       0.833   -846.023
35     51       0.833   -848.631
35     52       0.833   -847.597
35     53       0.833   -848.761
35     54       0.833   -848.034
35     55       0.833   -849.149
35     56       0.833   -847.418
35     57       0.833   -848.392
35     58       0.833   -845.986
35     59       0.833   -851.212
35     60       0.833   -852.402
35     61       0.833   -852.679
35     62       0.833   -855.494
35     63       0.833   -852.339
35     64       0.833   -850.455
### SDC4-Y2
#
36     1       0.833   -855.836
36     2       0.833   -858.992
36     3       0.833   -856.034
36     4       0.833   -857.271
36     5       0.833   -855.66
36     6       0.833   -855.015
36     7       0.833   -852.66
36     8       0.833   -854.788
36     9       0.833   -852.759
36     10       0.833   -853.783
36     11       0.833   -854.221
36     12       0.833   -854.018
36     13       0.833   -849.635
36     14       0.833   -852.027
36     15       0.833   -850.919
36     16       0.833   -851.813
36     17       0.833   -849.012
36     18       0.833   -849.514
36     19       0.833   -845.486
36     20       0.833   -851.677
36     21       0.833   -848.978
36     22       0.833   -848.309
36     23       0.833   -848.314
36     24       0.833   -847.435
36     25       0.833   -847.8
36     26       0.833   -849.173
36     27       0.833   -849.315
36     28       0.833   -848.131
36     29       0.833   -849.224
36     30       0.833   -850.145
36     31       0.833   -849.156
36     32       0.833   -852.034
36     33       0.833   -853.805
36     34       0.833   -853.865
36     35       0.833   -853.442
36     36       0.833   -853.758
36     37       0.833   -853.283
36     38       0.833   -853.045
36     39       0.833   -850.664
36     40       0.833   -852.384
36     41       0.833   -851.649
36     42       0.833   -852.275
36     43       0.833   -851.975
36     44       0.833   -852.49
36     45       0.833   -852.434
36     46       0.833   -851.714
36     47       0.833   -853.294
36     48       0.833   -852.85
36     49       0.833   -853.325
36     50       0.833   -852.894
36     51       0.833   -851.826
36     52       0.833   -854.101
36     53       0.833   -851.412
36     54       0.833   -852.915
36     55       0.833   -853.24
36     56       0.833   -852.345
36     57       0.833   -852.761
36     58       0.833   -855.12
36     59       0.833   -855.392
36     60       0.833   -855.655
36     61       0.833   -859.319
36     62       0.833   -860.348
36     63       0.833   -855.691
36     64       0.833   -854.645
### SDC4-X1
#
37     1       0.833   -863.177
37     2       0.833   -864.458
37     3       0.833   -864.451
37     4       0.833   -865.809
37     5       0.833   -864.328
37     6       0.833   -862.446
37     7       0.833   -864.151
37     8       0.833   -866.691
37     9       0.833   -865.849
37     10       0.833   -864.262
37     11       0.833   -862.721
37     12       0.833   -859.042
37     13       0.833   -861.214
37     14       0.833   -858.137
37     15       0.833   -858.721
37     16       0.833   -856.595
37     17       0.833   -860.49
37     18       0.833   -857.804
37     19       0.833   -860.62
37     20       0.833   -859.254
37     21       0.833   -861.278
37     22       0.833   -860.641
37     23       0.833   -861.462
37     24       0.833   -860.849
37     25       0.833   -859.618
37     26       0.833   -860.248
37     27       0.833   -858.542
37     28       0.833   -856.251
37     29       0.833   -858.307
37     30       0.833   -856.457
37     31       0.833   -856.575
37     32       0.833   -856.241
37     33       0.833   -858.503
37     34       0.833   -858.754
37     35       0.833   -859.425
37     36       0.833   -860.502
37     37       0.833   -859.342
37     38       0.833   -858.527
37     39       0.833   -858.491
37     40       0.833   -857.914
37     41       0.833   -857.782
37     42       0.833   -858.837
37     43       0.833   -857.979
37     44       0.833   -859.698
37     45       0.833   -858.609
37     46       0.833   -859.366
37     47       0.833   -859.585
37     48       0.833   -859.218
37     49       0.833   -859.748
37     50       0.833   -858.362
37     51       0.833   -859.177
37     52       0.833   -859.166
37     53       0.833   -859.552
37     54       0.833   -859.027
37     55       0.833   -857.908
37     56       0.833   -857.678
37     57       0.833   -857.513
37     58       0.833   -858.303
37     59       0.833   -858.234
37     60       0.833   -859.563
37     61       0.833   -858.414
37     62       0.833   -859.634
37     63       0.833   -857.833
37     64       0.833   -858.081
37     65       0.833   -855.618
37     66       0.833   -854.377
37     67       0.833   -853.794
37     68       0.833   -854.428
37     69       0.833   -854.219
37     70       0.833   -853.182
37     71       0.833   -851.513
37     72       0.833   -850.363
37     73       0.833   -849.155
37     74       0.833   -850.469
37     75       0.833   -852.817
37     76       0.833   -851.544
37     77       0.833   -851.279
37     78       0.833   -850.503
37     79       0.833   -850.445
37     80       0.833   -851.039
37     81       0.833   -853.603
37     82       0.833   -853.41
37     83       0.833   -854.283
37     84       0.833   -852.757
37     85       0.833   -856.258
37     86       0.833   -854.511
37     87       0.833   -860.153
37     88       0.833   -857.591
37     89       0.833   -861.657
37     90       0.833   -867.602
37     91       0.833   -860.189
37     92       0.833   -860.56
37     93       0.833   -860.556
37     94       0.833   -856.794
37     95       0.833   -856.623
37     96       0.833   -858.717
### SDC4-X2
#
38     1       0.833   -854.531
38     2       0.833   -856.146
38     3       0.833   -858.152
38     4       0.833   -855.793
38     5       0.833   -856.217
38     6       0.833   -858.39
38     7       0.833   -856.645
38     8       0.833   -858.512
38     9       0.833   -858.752
38     10       0.833   -860.665
38     11       0.833   -857.019
38     12       0.833   -859.005
38     13       0.833   -860.561
38     14       0.833   -856.873
38     15       0.833   -857.87
38     16       0.833   -859.26
38     17       0.833   -859.85
38     18       0.833   -854.482
38     19       0.833   -855.483
38     20       0.833   -854.647
38     21       0.833   -852.461
38     22       0.833   -855.604
38     23       0.833   -855.402
38     24       0.833   -855.158
38     25       0.833   -853.995
38     26       0.833   -853.082
38     27       0.833   -853.734
38     28       0.833   -851.42
38     29       0.833   -852.809
38     30       0.833   -850.769
38     31       0.833   -849.813
38     32       0.833   -850.086
38     33       0.833   -852.599
38     34       0.833   -851.749
38     35       0.833   -853.289
38     36       0.833   -853.656
38     37       0.833   -854.311
38     38       0.833   -851.553
38     39       0.833   -851.929
38     40       0.833   -851.764
38     41       0.833   -851.167
38     42       0.833   -853.686
38     43       0.833   -851.814
38     44       0.833   -852.323
38     45       0.833   -852.47
38     46       0.833   -852.46
38     47       0.833   -852.177
38     48       0.833   -852.894
38     49       0.833   -853.016
38     50       0.833   -852.492
38     51       0.833   -852.652
38     52       0.833   -853.599
38     53       0.833   -853.593
38     54       0.833   -852.628
38     55       0.833   -852.097
38     56       0.833   -850.997
38     57       0.833   -850.431
38     58       0.833   -850.593
38     59       0.833   -850.65
38     60       0.833   -851.852
38     61       0.833   -851.891
38     62       0.833   -851.815
38     63       0.833   -852.461
38     64       0.833   -850.565
38     65       0.833   -848.002
38     66       0.833   -847.057
38     67       0.833   -847.106
38     68       0.833   -846.149
38     69       0.833   -846.388
38     70       0.833   -845.932
38     71       0.833   -845.63
38     72       0.833   -844.735
38     73       0.833   -842.262
38     74       0.833   -843.067
38     75       0.833   -843.232
38     76       0.833   -844.538
38     77       0.833   -845.324
38     78       0.833   -843.669
38     79       0.833   -842.02
38     80       0.833   -842.76
38     81       0.833   -844.27
38     82       0.833   -844.855
38     83       0.833   -846.902
38     84       0.833   -847.225
38     85       0.833   -848.963
38     86       0.833   -851.362
38     87       0.833   -851.075
38     88       0.833   -854.808
38     89       0.833   -853.827
38     90       0.833   -852.803
38     91       0.833   -857.196
38     92       0.833   -853.518
38     93       0.833   -854.331
38     94       0.833   -851.543
38     95       0.833   -851.706
38     96       0.833   -848.629
